90 200
23 10
25 18
12 50
88 9
5 14
30 20
14 35
30 15
28 36
15 17
17 32
73 30
1  2
1  3
1  4
1  5
1  6
1  7
1  8
1  9
2  3
3  4
4  5
5  6
6  7
7  8
8  9
9  1
10 11
10 12
10 13
11 10
11 12
11 13
12 11
12 10
12 13
13 10
13 12
13 11
15 16
16 15
18 19
19 20
20 21
21 18
18 22
22 23
23 20
24 25
25 26
26 27
27 28
28 24
25 29
29 27
27 24
24 28
28 26
31 33
33 32
32 34
34 31
35 33
33 36
36 35
37 38
38 39
39 40
40 41
41 42
42 43
43 44
44 45
45 46
46 47
47 48
48 49
49 50
50 51
51 52
52 53
53 54
54 55
55 56
56 57
57 58
58 59
59 60
60 61
61 62
62 63
63 64
64 65
65 66
66 67
67 68
68 69
69 70
70 71
71 72
72 73
73 74
74 75
75 76
76 77
77 78
78 79
79 80
80 81
81 82
82 83
83 84
84 85
85 86
86 87
89 90
90 37
90 38
90 39
90 40
90 41
90 42
90 43
90 44
90 45
90 46
90 47
90 48
90 49
89 40
88 41
87 42
85 43
84 44
83 45
82 46
81 47
86 48
80 49
89 60
89 61
89 62
89 63
89 64
89 65
89 66
89 67
89 68
89 69
85 60
85 61
85 62
85 63
85 64
85 65
85 66
85 67
85 68
85 69
50 80
50 81
50 82
50 83
50 84
50 85
50 86
50 87
50 88
50 89
51 80
52 80
53 80
54 80
55 80
56 80
57 80
58 80
59 80
50 70
50 71
50 72
50 73
50 74
50 75
50 76
50 77
50 78
50 79
51 70
52 70
53 70
54 70
55 70
56 70
57 70
58 70
58 72
58 74
58 76
